751
849
1441
565
442
977
1005
1126
1381
978
1209
1271
268
183
1154
1044
289
453
973
537
361
59
731
1373
631
1286
116
912
612
1315
139
1180
746
582
129
1375
267
29
1245
996
1174
82
1055
1469
1463
853
335
72
1105
641
325
529
1167
469
1103
584
110
168
705
120
846
600
1264
374
587
385
121
1231
1259
975
844
74
1389
1196
63
836
586
46
1362
479
1353
39
499
1063
1082
1023
1057
421
408
237
523
1049
296
845
913
419
680
1150
103
47
35
79
1257
843
738
1402
368
256
737
1342
744
188
18
51
488
1297
105
1412
1216
186
1190
1164
656
290
983
392
914
1052
626
1152
769
1162
359
431
1117
1100
1468
1088
648
1123
1322
445
1131
1163
254
1405
1047
475
987
1328
1289
1116
1048
1166
440
357
422
966
1026
968
229
926
1249
864
1393
716
1124
429
455
749
1157
465
88
714
739
616
175
495
1303
815
604
160
1378
300
145
856
328
298
93
887
1453
1233
1227
803
576
1109
114
112
905
620
508
1434
857
1028
997
1183
964
755
879
169
1228
436
1038
313
889
967
492
542
434
712
990
1171
54
1348
640
379
142
615
1195
723
258
951
947
919
331
1347
685
540
622
881
1106
1181
877
929
593
862
214
1296
1317
1079
69
1182
247
480
514
275
329
1040
1087
148
808
1305
315
1004
460
1242
159
1002
459
1368
426
759
312
1449
876
1254
352
1101
675
216
1201
161
388
259
566
427
32
824
4
796
1326
1426
320
708
490
358
932
332
874
1064
1419
850
1267
1018
73
609
636
243
1085
1262
1288
722
1332
1222
1214
939
248
822
127
684
316
1017
989
669
137
1232
471
617
873
360
652
715
1282
924
959
151
810
414
319
1239
1408
1033
865
433
382
583
569
991
89
201
1013
310
449
1370
1193
367
362
330
638
255
278
238
354
601
1178
645
657
1427
1102
1062
1169
937
1168
579
819
961
301
1043
662
513
64
863
928
813
503
338
1001
349
42
202
953
842
425
162
892
58
294
481
1276
250
901
778
702
780
940
855
733
1413
456
952
204
62
765
1012
915
228
1464
240
484
1415
1120
217
518
700
833
284
1229
897
1024
173
27
658
269
230
304
1290
1156
370
398
11
649
718
544
404
782
772
10
830
40
191
917
851
592
482
927
297
1160
896
1442
185
904
1236
1457
195
307
1172
625
995
598
126
1221
1244
1407
271
916
1065
222
674
707
590
525
1091
628
276
345
859
1387
25
206
399
666
86
31
726
1125
43
687
1440
234
350
1030
1287
152
1224
1327
1153
538
1080
948
1404
1204
178
797
409
520
1098
683
377
903
470
1339
764
838
468
109
591
170
502
1435
1324
1394
61
930
891
1335
575
486
383
1341
355
323
1417
955
1459
1025
605
659
1445
559
435
633
1175
6
143
981
1215
428
585
1119
376
611
131
317
187
53
21
1265
90
1107
180
1269
1361
1206
1470
1021
1414
144
1226
911
430
1337
182
567
1260
696
1132
747
34
92
138
580
1472
654
533
1115
407
149
249
1311
976
1189
95
1467
497
884
1176
1046
1070
531
635
501
1212
395
599
993
24
322
1094
1364
198
375
1292
279
969
1252
346
373
125
1059
128
1338
411
804
933
823
443
1194
1318
212
491
303
957
416
1372
394
1308
623
867
827
814
530
841
200
1143
721
678
1465
868
918
1076
464
210
573
1142
84
60
1428
1146
293
526
1039
146
1312
0
467
799
694
986
423
193
632
1281
30
984
194
742
740
646
98
1092
1127
941
406
1351
734
589
457
311
1433
232
1309
938
167
1022
1208
1053
1220
956
802
527
67
637
689
1093
763
1447
343
571
295
1333
55
642
285
241
393
1461
511
305
895
174
560
211
806
208
494
369
1234
614
405
1155
888
3
577
1306
1016
1424
1400
1099
1256
380
226
949
235
701
762
1320
697
113
900
192
517
958
792
302
8
1462
41
1363
115
37
725
473
327
639
550
286
809
1331
378
224
1219
943
773
87
516
1395
281
246
812
1078
510
698
1376
549
972
1451
596
166
1243
1432
720
965
1277
339
852
172
1148
356
624
366
673
1410
1
893
1344
835
1073
920
1409
1144
805
454
672
1268
81
476
677
274
500
1113
668
450
606
402
921
96
703
798
974
807
1356
963
1014
75
1184
1377
543
613
104
15
1316
1273
1141
155
45
603
621
1436
1108
771
572
292
417
558
1010
477
506
745
1077
776
970
1258
1050
1374
686
1251
785
13
225
371
899
1354
1446
420
242
1060
766
1011
231
910
363
135
1323
1000
413
1416
372
760
1261
177
793
1130
826
1247
610
16
922
264
730
692
1069
487
390
1147
439
261
463
545
1081
288
1246
1313
333
750
1349
1008
108
23
676
1411
179
318
265
1367
351
1314
1365
825
848
253
140
699
536
906
1437
184
1390
557
117
1358
768
936
1037
1003
717
561
1420
534
597
122
498
119
1187
756
1051
1279
818
710
1270
627
629
49
671
608
787
532
1179
1134
1319
1421
539
832
1237
634
1382
334
512
727
960
199
438
1114
898
670
308
847
1423
998
341
837
70
794
1369
1291
266
931
1118
397
866
1056
1325
381
946
447
546
907
691
1110
761
102
1439
236
203
1032
314
741
48
158
644
1158
52
1128
767
709
1283
181
147
1200
1173
1186
130
1336
886
774
551
555
1096
1266
1448
403
704
1466
693
1430
840
111
1401
336
908
57
528
1104
123
347
22
1280
944
1253
1203
1255
287
1355
1329
1205
448
548
1272
880
1140
107
858
651
340
1380
324
713
729
441
283
667
1019
17
770
556
1386
118
452
790
2
472
781
1230
578
817
1274
1345
1293
1321
462
971
1027
950
757
1034
719
68
1213
76
839
493
28
291
1072
748
602
688
962
83
20
223
1086
321
1084
101
458
437
1020
1009
505
1444
1139
466
1392
1067
1090
65
1197
1300
870
753
547
100
1307
344
786
342
432
1145
190
220
777
9
239
1207
36
882
134
535
489
205
834
451
424
262
828
1083
50
1460
326
1191
706
1074
1403
1185
1199
1075
752
861
1366
1360
1471
1304
1071
872
1198
496
141
272
1399
788
724
909
1398
820
643
1302
1225
1045
985
136
679
1097
1129
791
245
1298
594
1248
156
1054
364
519
521
1006
1388
1066
925
386
554
1068
1135
38
263
831
1121
257
1450
207
728
33
647
401
71
758
1218
1334
588
353
1431
1396
1397
779
153
1240
157
504
282
209
1058
14
1343
1301
1159
94
945
736
801
1385
1263
1061
1211
1223
1137
871
563
1285
387
485
816
1359
1330
1095
277
251
795
992
252
829
444
1352
570
1136
979
400
1029
1149
1371
1035
784
56
942
1241
106
553
524
1418
682
1138
581
1473
1122
446
1294
1383
1340
132
1170
1443
522
66
934
196
854
418
461
478
215
306
655
661
12
165
1357
568
923
1238
44
860
1041
681
664
391
1295
280
1406
99
743
7
309
954
5
1455
883
348
1284
1452
1007
1379
869
562
91
1165
1133
665
885
994
1350
663
811
1202
783
260
1217
474
1015
150
935
552
1346
1275
26
227
619
1384
1031
690
213
789
1438
890
509
1425
389
396
1151
133
197
97
574
124
507
902
1192
154
875
337
273
800
735
365
754
878
653
607
410
1391
1111
19
171
1210
299
1456
1161
515
541
821
660
775
219
483
1422
1042
415
732
1188
412
77
1310
221
1458
218
233
244
630
980
176
982
80
1429
618
1177
163
270
85
1250
650
695
988
711
1112
1089
1299
1235
78
999
189
564
1036
1278
1454
894
384
164
595
